100659
10072
100874
10134
101665
10180
10196
10199
10268
10269
10273
10282
10301
10308
10378
103888
10397
10451
10541
10589
10620
10716
10765
10768
10778
10797
11008
11029
11030
11035
11046
11077
11118
11156
11222
11281
11298
11345
11369
11376
11411
11544
11573
11591
11594
11642
11644
11679
11703
11751
11816
11835
11920
11925
11927
119807
12026
12034
12056
12099
12119
12131
12141
12193
12293
12300
12330
12338
12350
12359
12433
12462
12495
12526
12659
12661
12767
12829
12906
12921
12938
12982
13027
13028
13047
13050
13101
13145
13160
13163
13212
13253
13294
13306
13317
13356
13382
13388
13443
13467
13485
13538
13542
13635
13649
13650
13675
13717
13721
13724
13725
13738
13807
13808
13846
13877
13889
13948
13963
14030
14064
14076
14090
14165
14178
14181
14196
14202
14207
14217
14251
14300
14305
14309
14349
14363
14368
14413
14421
14541
14571
14579
14700
14718
14736
14742
14752
14768
14781
14818
14819
14847
14890
14891
14906
14922
14926
14971
15042
15070
15093
15117
15146
15181
15194
15218
15234
15275
15315
15317
15338
15352
15396
15425
15468
15476
15486
15511
15559
15560
15640
15685
15707
15774
15822
15851
15854
15879
15886
15891
15932
15950
15965
16064
16141
16156
16215
16220
16249
16459
16489
16497
16518
16532
16537
16553
16622
16626
16667
16674
16677
16687
16701
16704
16710
16736
16748
16756
16759
16788
16802
16830
16850
16892
16934
17001
17031
17041
17056
17103
17226
17274
17334
17343
17370
17428
17469
17487
17494
17538
17539
17598
17625
17669
17696
17710
17732
17735
17752
17782
17784
17794
17815
17829
17835
17842
17849
17853
17863
17867
17872
17896
17899
17969
17970
17980
18073
18077
18086
18129
18144
18230
18248
18252
18255
18257
18272
18298
18347
18366
18397
18440
18623
18628
18657
18721
18754
18766
18789
18801
18812
18816
18862
18912
18917
18950
18965
18986
19057
19083
19120
19128
19142
19157
19183
19216
19230
19276
19284
19320
19386
19448
19481
19485
19486
19499
19507
19514
19537
19549
19640
19643
19684
19695
19733
19751
19771
19856
19881
19935
19952
19966
19973
19987
20030
20039
20064
20091
20098
20112
20128
20136
20207
20225
20248
20267
20397
20401
20417
20432
20504
20521
20544
20551
20559
20578
20654
20655
20664
20683
20699
20700
20745
20746
20858
20867
20888
20944
21005
21019
21020
21046
21178
21263
21329
21349
21376
21377
21404
21463
21525
21589
21653
21766
21770
21780
21782
21859
21869
21871
21905
21917
22021
22034
22124
22141
22158
22165
22172
22215
22261
22274
22290
22384
22433
22447
22498
22518
22528
22561
22562
22568
22760
22826
22860
22946
22958
23013
23043
23092
23166
23196
23206
23207
23259
23291
23365
23406
23482
23499
23500
23508
23540
23547
23650
23715
23733
23780
23822
23850
23876
23881
23910
23915
23928
23964
24075
24129
24145
24183
24195
24196
24242
24287
24373
24379
24413
24455
24482
24515
24541
24555
24582
24607
24652
24675
24678
24702
24710
24721
24742
24788
24813
24817
24867
24882
24922
24956
24971
24993
25089
25118
25144
25161
25177
25225
25264
25334
25339
25366
25377
25412
25417
25446
25534
25555
25701
25775
25840
25851
25872
25923
26043
26099
26113
26120
26135
26195
26239
26260
26306
26322
26325
26347
26368
26400
26490
26494
26581
26624
26691
26746
26779
26895
26940
26944
27074
27099
27188
27203
27241
27283
27291
27364
27390
27417
27420
27435
27447
27482
27494
27526
27538
27650
27666
27769
27791
27801
27848
27853
27867
27978
27998
28012
28077
28106
28130
28261
28285
28375
28381
28383
28496
28564
28631
28649
28731
28740
28758
28805
28885
28906
28912
28926
28947
28990
29010
29012
29067
29118
29187
29196
29262
29338
29463
29466
29483
29505
29536
29737
29754
29759
29821
29834
29847
29861
29871
29934
29963
30021
30037
30046
30104
30167
30206
30371
30419
30442
30449
30498
30571
30589
30617
30652
30680
30734
30798
30827
30851
30887
30987
31033
31168
31210
31263
31307
31386
31398
31446
31471
31499
31525
31612
31678
31760
31828
31852
31871
31899
31901
31993
32082
32092
32134
32327
32345
32352
32403
32465
32501
32538
32579
32585
32626
32628
32684
32729
32947
32957
33065
33139
33190
33213
33314
33332
33338
33358
33362
33423
33570
33669
33708
33761
33779
33813
33826
33827
33832
33929
33981
34029
34136
34178
34197
34201
34204
34314
34349
34372
34404
34418
34700
34716
34773
34878
34938
34964
34965
34988
35053
35142
35143
35161
35189
35252
35490
35554
35564
35606
35787
3581
35882
35941
36212
36272
36378
36436
36453
36491
36525
36557
36648
36752
36988
36998
37006
37027
37061
37078
37201
37430
37536
37684
37745
37859
37933
37936
37962
37969
38122
38141
38343
38544
38649
38687
38704
38732
38913
38916
39282
39370
39383
39409
39528
39567
39663
39671
39701
39867
39880
40024
40175
40178
40591
40757
40808
40868
41107
41108
41167
41172
41187
41190
41223
41308
41798
41875
41921
42290
42319
42327
42645
42673
42753
42796
42983
42988
43082
43335
43352
43421
43458
43473
43621
43774
44007
44916
44922
45181
45440
4573
45920
46183
46541
46757
46762
46801
47004
47039
47211
47238
47352
47540
47590
47786
47789
47797
47798
47894
48273
48467
48501
48920
49129
49306
49319
49497
49576
49787
49998
50103
5079
50875
51110
51146
51321
51596
5198
5225
53069
53182
53909
54187
54280
54473
54938
55216
55897
5594
55976
56339
56344
56895
5739
57558
57682
5780
58543
60098
61064
61176
61474
62132
62716
6286
63106
63167
6317
64242
6484
66549
67695
6810
69085
6982
70197
7035
7072
71171
7165
7245
7246
7373
7517
7536
75403
7594
7653
77214
77826
7785
7791
8027
8087
8088
8096
8153
8154
81632
8229
8244
8390
84233
84773
8538
8603
8646
87299
87340
88157
8829
8947
8962
8975
9042
9051
9220
92319
9240
9281
9288
9492
9647
9661
9884
Valued Price
